39 39 39 39 39 39 39 39 39 39 39 39 39 39 39 39 39 39 39 39 39 39 39 39 39 39 39 39 39 39 39 39 39 39 39 39 39 39 39 39 39 39 39 39 39 39 39 39 39 39
42 10 10 10 10 10 10 10 10 10 10 10 10 10 10 10 10 10 10 10 10 10 10 10 10 10 10 10 10 10 10 10 10 10 10 10 10 10 10 10 10 10 10 10 10 10 10 10 10 41
42 10 10 10 10 10 10 10 10 10 10 10 10 10 10 10 10 10 10 10 10 10 10 10 10 10 10 10 10 10 10 10 10 10 10 10 10 10 10 10 10 10 10 10 10 10 10 10 10 41
42 10 10 10 10 10 10 10 10 10 10 10 10 10 10 10 10 10 10 10 10 10 10 10 10 10 10 10 10 10 10 10 10 10 10 10 10 10 10 10 10 10 10 10 10 10 10 10 10 41
42 10 10 10 10 10 10 10 10 10 10 10 10 10 10 10 10 10 10 10 10 10 10 10 10 10 10 10 10 10 10 10 10 10 10 10 10 10 10 10 10 10 10 10 10 10 10 10 10 41
42 10 10 10 10 29 30 30 30 30 30 30 30 30 30 30 30 30 30 30 30 30 30 30 30 30 30 30 30 30 30 30 30 30 30 30 30 30 30 30 30 30 30 30 31 10 10 10 10 41
42 10 10 10 10 32 28 28 28 28 28 28 28 28 35 35 35 35 35 35 35 35 35 35 35 35 35 35 35 35 35 35 35 35 35 35 35 28 28 28 28 28 28 28 33 10 10 10 10 41
42 10 10 10 10 32 28 28 28 28 28 28 28 33 19 19 19 19 19 19 19 19 19 19 19 19 19 19 19 19 19 19 19 19 19 19 19 32 28 28 28 28 28 28 33 10 10 10 10 41
42 10 10 10 10 32 28 28 28 28 28 28 28 33 19 19 19 19 19 19 19 19 19 19 19 19 19 19 19 19 19 19 19 19 19 19 19 32 28 28 28 28 28 28 33 10 10 10 10 41
42 10 10 10 10 32 28 28 28 28 28 28 28 33 68 19 19 19 19 19 19 19 19 19 19 19 19 19 19 19 19 19 19 19 19 19 69 32 28 28 28 28 28 28 33 10 10 10 10 41
42 10 10 10 10 32 28 28 28 28 28 28 28 33 87 19 64 64 64 64 19 64 64 64 19 19 19 64 64 64 19 64 64 64 64 19 86 32 28 28 28 28 28 28 33 10 10 10 10 41
42 10 10 10 10 32 28 28 28 28 28 28 28 33 19 19 19 19 19 19 19 19 19 19 19 19 19 19 19 19 19 19 19 19 19 19 69 32 28 28 28 28 28 28 33 10 10 10 10 41
42 10 10 10 10 32 28 28 28 28 28 28 28 33 87 19 64 64 64 64 19 64 64 64 19 19 19 64 64 64 19 64 64 64 64 19 86 32 28 28 28 28 28 28 33 10 10 10 10 41
42 10 10 10 10 32 28 28 28 28 28 28 28 33 68 19 19 19 19 19 19 19 19 19 19 19 19 19 19 19 19 19 19 19 19 19 19 32 28 28 28 28 28 28 33 10 10 10 10 41
42 10 10 10 10 32 28 28 28 28 28 28 28 33 19 19 19 19 19 19 19 19 19 19 19 19 19 19 19 19 19 19 19 19 19 19 19 32 28 28 28 28 28 28 33 10 10 10 10 41
42 10 10 10 10 32 28 28 28 28 28 28 28 28 30 30 30 30 30 30 30 30 30 30 30 19 30 30 30 30 30 30 30 30 30 30 30 28 28 28 28 28 28 28 33 10 10 10 10 41
42 10 10 10 10 32 28 28 28 28 28 28 28 28 28 28 28 28 28 28 35 35 35 35 35 19 35 35 35 35 35 28 28 28 28 28 28 28 28 28 28 28 28 28 33 10 10 10 10 41
42 10 10 10 10 32 28 35 35 35 35 35 35 35 35 35 35 35 28 33 19 19 19 19 19 19 19 19 19 19 19 32 28 35 35 35 35 35 35 35 35 35 35 28 33 10 10 10 10 41
42 10 10 10 10 32 33 19 19 19 85 85 85 19 85 85 19 19 32 33 83 19 19 19 19 19 19 19 19 19 82 32 33 19 19 85 85 85 19 85 85 19 19 32 33 10 10 10 10 41
42 10 10 10 10 32 33 19 19 19 19 19 19 19 19 19 19 19 32 33 83 19 19 19 19 19 19 19 19 19 82 32 33 19 19 19 19 19 19 19 19 19 19 32 33 10 10 10 10 41
42 10 10 10 10 32 33 19 19 19 19 82 19 82 19 82 19 19 32 33 83 19 19 19 19 19 19 19 19 19 82 32 33 19 19 83 19 83 19 83 19 19 19 32 33 10 10 10 10 41
42 10 10 10 10 32 33 19 19 19 19 82 19 82 19 82 19 19 32 33 83 19 19 19 19 19 19 19 19 19 82 32 33 19 19 83 19 83 19 83 19 19 19 32 33 10 10 10 10 41
42 10 10 10 10 32 33 19 19 19 19 82 19 82 19 82 19 19 32 33 83 19 19 19 19 19 19 19 19 19 82 32 33 19 19 83 19 83 19 83 19 19 19 32 33 10 10 10 10 41
42 10 10 10 10 32 33 19 19 19 19 82 19 82 19 82 19 19 32 33 83 19 19 19 19 19 19 19 19 19 82 32 33 19 19 83 19 83 19 83 19 19 19 32 33 10 10 10 10 41
42 10 10 10 10 32 33 19 19 19 19 82 19 82 19 82 19 19 34 36 19 19 19 19 19 19 19 19 19 19 19 34 36 19 19 83 19 83 19 83 19 19 19 32 33 10 10 10 10 41
42 10 10 10 10 32 33 19 19 19 19 19 19 19 19 19 19 19 19 19 19 19 19 19 19 19 19 19 19 19 19 19 19 19 19 19 19 19 19 19 19 19 19 32 33 10 10 10 10 41
42 10 10 10 10 32 33 19 19 19 19 19 19 19 19 19 19 19 19 19 19 19 19 19 19 19 19 19 19 19 19 19 19 19 19 19 19 19 19 19 19 19 19 32 33 10 10 10 10 41
42 10 10 10 10 32 33 19 19 19 19 82 19 82 19 82 19 19 29 31 19 19 19 19 19 19 19 19 19 19 19 29 31 19 19 83 19 83 19 83 19 19 19 32 33 10 10 10 10 41
42 10 10 10 10 32 33 19 19 19 19 82 19 82 19 82 19 19 32 33 83 19 19 19 19 19 19 19 19 19 82 32 33 19 19 83 19 83 19 83 19 19 19 32 33 10 10 10 10 41
42 10 10 10 10 32 33 19 19 19 19 82 19 82 19 82 19 19 32 33 83 19 19 19 19 19 19 19 19 19 82 32 33 19 19 83 19 83 19 83 19 19 19 32 33 10 10 10 10 41
42 10 10 10 10 32 33 19 19 19 19 82 19 82 19 82 19 19 32 33 83 19 19 19 19 19 19 19 19 19 82 32 33 19 19 83 19 83 19 83 19 19 19 32 33 10 10 10 10 41
42 10 10 10 10 32 33 19 19 19 19 82 19 82 19 82 19 19 32 33 83 19 19 19 19 19 19 19 19 19 82 32 33 19 19 83 19 83 19 83 19 19 19 32 33 10 10 10 10 41
42 10 10 10 10 32 33 19 19 19 19 82 19 82 19 82 19 19 32 33 83 19 19 19 19 19 19 19 19 19 82 32 33 19 19 83 19 83 19 83 19 19 19 32 33 10 10 10 10 41
42 10 10 10 10 32 33 19 19 19 19 19 19 19 19 19 19 19 32 33 83 19 19 19 19 19 19 19 19 19 82 32 33 19 19 83 19 83 19 83 19 19 19 32 33 10 10 10 10 41
42 10 10 10 10 32 33 19 19 19 19 19 19 19 19 19 19 19 32 33 83 19 19 19 19 19 19 19 19 19 82 32 33 19 19 19 19 19 19 19 19 19 19 32 33 10 10 10 10 41
42 10 10 10 10 32 33 19 19 19 88 88 19 19 88 88 88 19 32 33 19 19 19 19 19 19 19 19 19 19 19 32 33 19 19 88 88 88 19 19 88 88 19 32 33 10 10 10 10 41
42 10 10 10 10 32 28 30 30 30 30 30 30 30 30 30 30 30 28 28 30 30 31 19 19 28 19 19 29 30 30 28 28 30 30 30 30 30 30 30 30 30 30 28 33 10 10 10 10 41
42 10 10 10 10 34 35 35 35 35 35 35 35 35 35 35 35 35 35 35 35 35 36 19 19 28 19 19 34 35 35 35 35 35 35 35 35 35 35 35 35 35 35 35 36 10 10 10 10 41
42 10 10 10 10 10 10 10 10 10 10 10 10 10 10 10 10 10 10 10 10 10 84 19 19 19 19 19 84 10 10 10 10 10 10 10 10 10 10 10 10 10 10 10 10 10 10 10 10 41
42 10 10 10 10 10 10 10 10 10 10 10 10 10 10 10 10 10 10 10 10 10 84 19 19 19 19 19 84 10 10 10 10 10 10 10 10 10 10 10 10 10 10 10 10 10 10 10 10 41
42 10 10 10 10 10 10 10 10 10 10 10 10 10 10 10 10 10 10 10 10 10 84 19 19 19 19 19 84 10 10 10 10 10 10 10 10 10 10 10 10 10 10 10 10 10 10 10 10 41
42 84 84 84 84 84 84 84 84 84 84 84 84 84 84 84 84 84 84 84 84 84 84 19 19 19 19 19 84 84 84 84 84 84 84 84 84 84 84 84 84 84 84 84 84 84 84 84 84 41
42 19 19 19 19 19 19 19 19 19 19 19 19 19 19 19 19 19 19 19 19 19 19 19 19 19 19 19 19 19 19 19 19 19 19 19 19 19 19 19 19 19 19 19 19 19 19 19 19 41
42 19 19 19 19 19 19 19 19 19 19 19 19 19 19 19 19 19 19 19 19 19 19 19 19 19 19 19 19 19 19 19 19 19 19 19 19 19 19 19 19 19 19 19 19 19 19 19 19 41
42 19 19 19 19 19 19 19 19 19 19 19 19 19 19 19 19 19 19 19 19 19 19 19 19 19 19 19 19 19 19 19 19 19 19 19 19 19 19 19 19 19 19 19 19 19 19 19 19 41
42 19 19 19 19 19 19 19 19 19 19 19 19 19 19 19 19 19 19 19 19 19 19 19 19 19 19 19 19 19 19 19 19 19 19 19 19 19 19 19 19 19 19 19 19 19 19 19 19 41
42 84 84 84 84 84 84 84 84 84 84 84 84 84 84 84 84 84 84 84 84 84 84 19 19 19 19 19 84 84 84 84 84 84 84 84 84 84 84 84 84 84 84 84 84 84 84 84 84 41
42 10 10 10 10 10 10 10 10 10 10 10 10 10 10 10 10 10 10 10 10 10 84 19 19 19 19 19 84 10 10 10 10 10 10 10 10 10 10 10 10 10 10 10 10 10 10 10 10 41
42 10 10 10 10 10 10 10 10 10 10 10 10 10 10 10 10 10 10 10 10 10 84 19 19 19 19 19 84 10 10 10 10 10 10 10 10 10 10 10 10 10 10 10 10 10 10 10 10 41
44 44 44 44 44 44 44 44 44 44 44 44 44 44 44 44 44 44 44 44 44 44 44 44 44 44 44 44 44 44 44 44 44 44 44 44 44 44 44 44 44 44 44 44 44 44 44 44 44 44